25 2735 5027 5500 47 2967 3701 2653 1182 8220 5824 6386 6451 9302 5385 9571 6387 1654 9924 2029 7 2725 2460 1149 2193 3255
25 6689 7709 5698 5562 5679 5913 6527 1143 4045 8028 7592 4824 8218 3267 1781 2947 8628 7528 3805 478 9161 3716 4174 7618 1909
25 3090 7188 2915 4863 5158 4450 425 5076 7873 5040 1861 8976 2153 5904 9470 6137 7982 7299 2295 6395 3815 6084 4928 6323 1456
25 1209 1332 4170 4673 4410 2140 4485 4256 6331 599 7727 9038 6920 7091 8986 8471 723 3659 673 2849 5707 8066 9773 1809 3500
25 6466 4475 3849 6836 9483 8598 8457 6948 6011 7450 4390 7182 8013 4219 9583 3235 1604 5360 9060 5430 1397 5961 1739 491 9721
25 5018 7064 3424 3462 5892 3789 7548 5701 9272 249 8830 2850 6612 7101 9250 1165 1821 3864 7089 3084 7409 831 9391 5474 2544
25 9313 8213 7677 4299 3058 8110 1294 9561 6659 6393 7167 9143 5314 7021 2837 7016 2433 7652 5181 5505 5927 2562 6440 2669 4897
25 2519 6912 5008 9981 3663 8546 6363 3609 3649 5873 1277 4229 3563 1694 8623 7845 9123 3158 1726 7183 5546 6100 4551 9960 2773
25 549 8787 8277 1223 6563 607 3215 9964 4433 4802 5340 1029 9941 6600 9509 4023 2494 3423 6007 1403 4785 7673 7968 3812 1055
25 4525 3697 8979 326 1508 4481 141 3770 2395 118 5323 3450 9230 7368 5600 6823 5943 2405 904 7157 4640 2870 1190 3041 8396
25 5934 4536 8715 435 7787 5291 8665 8737 9812 1364 2052 8741 6423 5005 9706 6205 7839 9389 5255 3515 1795 3322 7991 9129 8865
25 4679 3119 6669 2573 6316 9135 4880 6698 1700 9817 8033 2086 8814 9085 90 6774 7582 6149 1224 2419 2387 3800 7539 296 6266
25 88 6656 3891 2904 2934 1647 6272 2320 7187 508 8026 9790 3645 3222 4237 1999 1125 9510 5195 505 3668 6899 9814 6177 4057
25 7109 8274 615 8614 4940 1324 7912 2072 2702 2248 9724 3963 1394 8692 171 7195 4932 5164 8065 861 9051 6018 7947 3095 1951
25 2465 1227 2422 6711 8766 6825 7933 3793 7613 4337 869 7302 7593 9638 4268 8264 7177 8672 6055 9235 2803 6419 99 6334 6073
25 7957 7293 4455 8410 8653 9527 1676 4163 8644 6218 9659 9508 7990 1087 2130 2492 3631 370 6124 521 3900 2779 9521 9484 8701
25 519 2324 499 9754 396 1686 928 9110 1786 3684 9919 6233 8730 7440 527 6298 4663 8438 6572 3639 9236 6867 4181 2259 2032
25 4309 5971 2742 1640 1723 7922 1232 6744 2749 801 8041 1083 806 3670 1401 4946 1673 8417 3638 5993 2317 3934 2970 1060 707
25 5970 6662 2293 5920 3022 7246 9068 3122 2270 30 2366 1907 8307 5999 1783 22 2190 6686 2236 3526 1413 8794 9660 6070 6405
25 4839 1447 3572 3512 9042 9065 4123 4696 7515 9701 9823 4566 2498 6578 2142 6142 7333 160 1370 4222 7596 9857 4616 6035 6518
25 5324 3333 4200 5516 7662 1817 5653 9858 514 3735 6909 7392 4499 216 5694 9403 6008 1057 3916 2895 1971 7241 7833 9608 6853
25 719 5352 8747 3083 164 4871 7633 5764 582 8513 153 3763 5171 7003 8248 6050 5030 7204 8441 4968 3954 7008 176 6439 8217
25 606 1194 4255 782 7668 2119 9033 4636 9624 1424 740 4591 3277 9894 3438 2403 4341 2701 7084 6797 4313 6107 7458 371 9717
25 423 2296 7428 5757 9951 354 7276 120 3657 3421 7145 7305 8064 2244 9727 510 1769 124 6385 2459 9973 4380 4702 1969 1472
25 1776 9733 7585 7666 8348 7916 9263 9075 1595 2906 1045 2874 8807 7701 9083 4789 3674 4850 8697 1329 1807 4253 3486 1731 2819
25 6031 211 881 8542 8953 1880 9262 3451 8506 7453 4866 8109 9015 2051 6038 3824 8855 116 7032 1890 3642 5745 7739 2598 7772
25 187 6529 892 9830 7323 4914 4555 9481 5899 1282 4314 9474 4351 7790 8749 8181 600 5518 5965 6653 1172 5800 9909 1497 9560
25 6663 1883 1674 7255 6842 9949 4017 2527 6426 5074 1389 3925 3293 6908 6655 3395 9740 3791 9277 5530 8202 6330 2747 9189 4332
25 1066 7455 1251 8338 3966 1529 9732 6104 2933 1545 4293 2622 6866 4562 5651 3052 8107 9435 8170 978 8660 3367 1848 4257 1614
25 9504 5284 3242 1618 6555 5633 3517 1974 9088 6543 2709 9592 7763 3282 8649 6574 1340 2991 9664 7703 4342 4402 6401 1234 2922
25 2581 7940 6352 8136 4456 8030 9185 6483 1069 9360 8239 9160 3295 3593 9136 3045 4715 5367 5007 1214 2800 3192 5831 9552 9589
25 5335 7711 5710 2973 7690 8955 1355 3326 8585 3230 3207 3372 3269 3776 274 1649 4535 3961 8297 4727 2483 5752 8994 188 3284
25 8175 8965 6910 7529 9911 4582 94 1388 6231 6240 6557 8295 4010 966 9606 7639 182 3741 8552 3576 8152 3698 5836 6845 7881
25 1560 6794 2523 5090 656 4887 2852 4744 254 4247 4767 5188 7164 5140 5016 7100 186 3389 5850 9122 4240 2929 3252 8391 1230
25 4758 9820 6068 6420 9002 5428 4021 8378 5809 8038 6898 1448 614 5870 3628 4336 2785 3582 9991 5842 3179 7744 5839 8043 8980
25 3817 3049 8967 1582 2909 7073 4275 6606 6715 7489 9069 5201 7647 9779 7807 4978 9162 855 9039 773 346 5142 9808 436 794
25 3580 3708 7926 8228 2808 2438 683 880 1075 2371 2587 1486 8723 1380 7083 1490 2475 9446 6461 764 7951 4041 410 901 6087
25 9256 3430 5777 330 146 5861 544 2362 2397 8926 9420 1741 5391 9384 8958 9447 8347 8754 1360 1703 6621 6482 421 5978 2227
25 6252 984 8915 4274 1239 4796 7665 4400 7274 1872 3751 6921 1844 6779 2506 2684 3939 676 6636 2267 2265 324 7836 8877 6585
25 1273 7140 8447 168 5240 9457 3117 3524 5526 8407 4787 4167 3556 1037 3516 8914 1366 2746 5397 1202 6524 3063 1892 4540 6016
25 7499 8227 3536 5687 3504 8762 9970 5149 4819 5441 1248 5289 2021 2137 1073 6778 9682 9153 1477 2763 3209 3653 5096 8313 4069
25 1867 3655 1530 9045 4629 2591 5050 156 3203 2121 2989 4104 5305 6888 3699 3686 997 1885 96 2303 6671 5281 4413 937 9811
25 7965 7186 1778 3292 5532 4092 7411 454 5984 1814 6760 8684 3899 9076 9193 4813 5047 6918 7011 1540 2307 7308 4967 1074 8430
25 6822 4877 6786 9286 5668 8194 3940 5193 1947 2023 1960 8547 4747 1702 7552 5589 8875 7482 1033 7738 3467 6022 6343 6717 1652
25 2432 3546 2143 7446 3114 9171 6643 6784 5310 4031 3859 9298 2694 618 4805 2017 8842 6282 1432 5488 6852 1478 4180 637 437
25 7070 3245 1489 1200 9634 922 3169 4089 7715 9980 310 2131 1772 4580 3889 5408 4556 2252 43 4175 7200 8611 1112 8858 8424
25 1178 1949 3565 1693 4879 6283 3247 2958 2415 4317 389 1085 4473 5063 7626 2431 4280 34 8280 9211 838 407 6448 469 1841
25 3055 2589 4084 8464 7174 2180 2857 6716 2648 4689 7806 8268 9321 7352 733 7871 5186 363 2469 5229 4466 1285 5044 2606 424
25 4742 7810 3024 7574 856 9037 646 6484 4449 1568 5462 1591 7560 9780 8006 2619 5492 5772 6781 8608 4172 2182 899 6350 5179
25 8890 9231 2654 8051 4454 6146 613 3503 6632 5144 9203 2196 1293 7462 5640 3053 8143 450 4053 2542 2826 7053 6477 6914 2864
25 6002 8029 3976 9927 6644 2030 9196 3713 3346 2554 5998 5134 3474 3221 3251 2231 9651 3912 5611 2199 7736 4151 2339 8089 4018
25 8773 5858 9130 2769 3305 4211 3360 7160 6728 3634 1611 9772 9040 8364 3995 8861 3407 8278 7042 8850 5315 3944 9984 7801 1677
25 8292 9046 6155 3073 830 5656 9134 709 2260 9077 3085 1748 1695 3955 3473 2579 8528 5467 7540 9010 5177 5443 2698 5931 3825
25 672 19 9412 9144 6856 9419 1352 7134 8018 1643 9303 1612 2713 7547 8074 6517 1857 1782 6267 9053 7979 4483 6501 2914 758
25 7475 6654 2335 6473 3566 908 8160 4278 3714 9006 862 7796 909 6522 4322 7107 1434 7590 2002 8180 4193 8451 1398 4267 796
25 8477 6189 7117 7086 3783 832 8273 403 8485 7271 6596 8661 1320 6129 3491 473 3919 2560 2102 5330 9893 6017 1552 3327 6595
25 5235 1414 3176 4875 4405 9118 1745 9731 6367 5933 3570 7587 3449 3689 1666 4745 7910 5067 813 5807 9445 1122 5935 240 3620
25 6277 8783 9495 9628 8219 2937 8882 2406 4989 4236 15 9968 9421 7788 8601 5681 2274 9386 5111 6554 6972 5447 9922 5551 8808
25 2720 3527 5466 8434 9071 9199 9186 1623 6443 3832 5224 5644 5162 8008 8454 4719 1865 1258 5614 4945 2022 6472 4061 1536 6241
25 9409 6502 6304 533 6000 8173 9833 872 6684 681 7024 6388 632 6577 5896 1562 6025 8821 8436 3385 3794 7756 5814 6979 7789
25 2920 9166 6004 9487 9795 8530 1349 643 2407 3851 3271 6452 6861 8563 357 2308 1072 6777 2584 4362 931 3309 2310 5581 8119
25 4094 2603 9401 5829 5719 1557 3760 788 4631 6700 8100 9854 3863 6311 2038 356 3756 9400 6086 7578 5638 460 440 4901 7335
25 3629 4873 6239 6409 5054 2981 4532 3974 833 8004 5537 9299 7820 1450 5778 3682 6720 3834 5843 5013 5989 1161 2353 5254 2449
25 677 6139 513 9815 6498 3879 7448 9948 4270 7724 342 7490 8571 3837 9266 7112 3858 4354 9601 6309 9907 7495 1899 4886 4606
25 3607 8489 661 4720 846 1106 6089 7315 5995 2972 1638 6571 4365 5191 6308 8283 1053 8829 5336 2028 5053 1426 9986 8249 7459
25 9679 5227 6168 7102 6340 8191 2673 3532 3373 6930 1104 7222 8963 5442 2595 4429 3567 9425 8651 3587 1268 7981 8866 2211 8674
25 1097 1838 5517 975 172 6023 8412 4872 9822 5302 777 3341 7713 7133 3065 6486 9335 7741 1449 8002 588 1076 1059 107 3679
25 5497 8149 2711 9633 665 6305 8742 1189 969 1051 2835 9785 3992 5908 50 5966 8763 2389 2012 1498 1764 6487 5869 3529 3535
25 9752 8630 7224 2399 3594 6101 6989 369 7503 819 793 8253 3749 900 8499 3159 812 841 2350 4524 7895 642 8095 4752 8519
25 6670 567 6159 6360 3885 7232 5766 64 9963 1220 8229 7120 4121 1534 732 3016 6530 8357 4252 820 8912 8514 8982 4918 2286
25 1757 696 2230 839 1873 5495 6313 1436 9652 9720 9611 6699 6085 8545 4217 4878 6707 6033 3878 9522 8287 2968 2878 2730 392
25 5440 477 9503 9926 6984 8035 2304 2652 3930 7234 365 6696 8492 8549 2204 7328 8496 2757 7858 9551 835 1546 7740 9775 3093
25 9514 7435 1697 5699 6742 4652 7239 8244 8481 5610 1747 8039 4012 3074 3927 5828 7233 5750 3254 9217 6364 1813 8147 5362 566
25 2571 5218 4635 1904 1201 5187 9546 2240 524 9229 6462 4543 4359 9548 3379 9244 7247 9096 8322 5197 1526 8797 9771 9782 3347
25 563 9636 493 4415 350 8645 5163 9407 1767 3979 8779 125 4025 3206 9959 2545 3600 6394 7242 6614 5821 9573 5578 9210 4296
25 6381 1228 4467 7534 3115 2129 8916 7531 4621 1446 1906 7908 2367 964 9515 9183 6945 1806 2214 1151 1737 4037 7423 317 327
25 9003 666 8493 9132 7883 5879 2057 5486 9697 4899 6975 2175 5747 829 2396 9762 3525 2127 6194 8751 9794 6616 9676 4779 5854
25 3549 1407 7804 8819 2365 4997 4751 1157 6986 9448 5325 2257 2521 6770 144 3033 7331 3437 5645 8135 6254 2392 9887 6148 2609
25 4601 6485 9274 718 7277 6652 4709 9044 17 6289 1678 9739 3243 5418 4295 4911 1483 4446 2770 1210 8480 4931 4508 5964 5900
25 7657 7864 8892 5120 6903 7663 380 990 23 3071 8704 2226 4900 2836 5446 6260 9637 1288 5399 2974 7607 3166 9200 598 7356
25 2015 2031 2167 4990 3740 8595 5630 9950 8182 3077 5704 8524 2024 7351 8415 8845 5401 5257 7038 9414 3861 6383 480 3304 7410
25 8708 3147 3490 4099 1179 3062 2557 5664 9225 5080 1519 3730 8769 1822 7721 5412 3023 2843 2157 7044 9599 8275 8607 8375 1758
25 5860 3918 873 6319 1322 2866 7992 2291 388 3146 8533 2468 501 9103 8933 7999 545 682 1696 4849 3089 5185 9622 8488 6559
25 7270 3338 5830 7793 1012 6681 4406 5042 8904 4675 1854 5463 9533 6214 1462 6355 6151 1137 2103 8012 2253 4005 2490 2592 3690
25 8758 5377 3865 1755 1365 7777 2394 1523 5099 463 8620 8960 434 6366 6130 8247 4732 9899 496 5938 4783 4721 7484 6876 9577
25 9847 8932 2975 2783 4520 5597 6079 8141 727 367 5206 9755 1847 5432 8467 9396 6417 9834 2678 1505 9582 593 7664 5533 9700
25 1900 3249 6741 1518 9524 6886 6871 5713 886 2842 3278 7610 1876 7237 8169 2099 4339 8959 9555 3664 9309 5079 9007 401 2463
25 2883 7687 6053 7876 3666 4659 6336 7808 3901 5567 7680 4128 1130 9237 1566 4152 7616 3590 5196 551 4216 1808 3957 8647 5458
25 9913 5954 9556 2992 7901 7785 6247 6460 1309 3782 6389 8872 5976 2062 8076 9442 3419 6506 5115 7925 725 9905 1427 6514 4432
25 5445 4984 8548 4686 2825 633 1256 4552 6579 7770 8857 5556 9917 9278 4075 9049 6725 5037 7977 6676 108 8939 9517 8690 8884
25 9976 1384 6455 6942 9557 1046 1331 4756 2477 4884 4111 5094 5801 2631 3351 8129 9572 2549 6646 6310 191 4983 7343 690 8490
25 4078 9090 3601 7580 6503 7208 2732 8719 628 7893 6318 6668 5754 8663 1495 4600 4542 8685 7175 3886 4949 4599 705 3417 1962
25 8310 3276 9666 4048 7630 2596 2192 6737 905 8047 865 8491 4263 866 5919 467 9194 701 1650 7396 2328 5028 145 7165 7146
25 6916 2297 9392 821 6591 1706 3656 6750 2840 5967 7334 7900 2670 2945 4992 1342 5558 7832 5416 6362 9904 1039 8223 1301 6931
25 4008 1170 874 4153 1792 5601 8785 1864 2220 4939 816 9734 3150 6513 2892 5738 2462 6949 9807 4183 5781 4510 5316 6881 6257
25 9888 9405 6875 7236 5477 6402 7191 2797 6268 1944 6120 2722 2478 1286 4333 1919 1126 4427 8577 9756 2005 6093 3734 3665 8057
25 6263 5615 3461 3066 6771 3038 2771 7118 3675 2412 486 7189 7228 8838 44 2170 6613 5423 7725 7887 9174 7218 1231 8581 9829
25 1305 2424 7768 284 8681 9751 1346 8300 7697 7361 1470 9987 6059 3447 3828 2445 2348 6478 4395 888 1766 5691 6872 5395 9635
25 6815 1637 4112 1260 3398 9497 5695 9062 2898 3862 3498 2417 8126 9150 5313 4173 1933 4572 7838 5945 5886 4763 9359 9486 910
25 7005 658 8203 2717 2110 7562 7081 6238 5141 4564 1056 630 3064 4760 6944 8321 8171 1502 703 3144 1917 5338 7681 4149 2019
25 3307 1492 4233 6547 7685 5091 5891 8308 7769 2054 1532 9433 779 8261 6873 6226 1371 3700 8889 162 3096 3268 9013 360 4127
25 303 5727 3773 9105 4115 100 9737 5260 5915 2246 1071 4856 4985 2148 9170 6509 7945 3018 8269 4500 2806 1599 635 9776 6997
25 4071 3005 7792 1908 4376 5371 6980 9438 917 53 2369 8689 6347 2807 6564 5634 1488 140 3971 9876 2623 3107 6834 9797 4951
25 2316 3409 5189 655 3680 2551 767 2556 9027 5329 275 8383 889 5482 1042 6090 1559 7418 1409 5761 3726 4707 7437 2277 4320
25 1335 3294 4575 1655 9743 4139 896 7941 8257 485 8952 9574 680 3027 3844 9594 6320 7970 6890 2624 8634 1445 9061 535 1931
25 2917 7028 5049 4207 8093 6601 7477 629 9566 121 9789 2241 6605 5143 4312 1796 3413 9295 787 8727 1174 6723 650 8717 778
25 8731 6404 8370 6718 5620 9610 292 3669 6161 1393 8225 6880 6983 4590 5561 3178 9501 1675 1851 9931 2347 2067 7416 1195 6819
25 8878 502 5006 6550 2207 7256 1023 8108 7076 1249 3920 8084 3226 792 2550 3405 747 5647 6500 5596 9938 391 840 6246 4790
25 1138 190 965 318 2651 6261 9972 2377 8984 7915 7609 8031 8299 3841 213 8927 7675 7201 7332 7487 8702 5469 5065 8385 6789
25 9619 3236 7779 3181 4533 151 4690 4453 4845 6790 4176 4513 8354 2617 2251 8913 522 2010 8255 4909 9781 5659 2976 7563 805
25 7013 1411 2178 2810 4639 4903 7853 8164 5918 1021 7771 1035 3792 3884 2273 7537 3088 104 7995 1816 3810 5145 8238 9168 9558
25 2061 3540 4935 9640 1729 4024 907 2386 294 3731 3432 8511 754 9213 1834 4032 8432 9327 7541 7695 9728 8706 6005 1180 7131
25 5086 1784 6164 199 1386 3054 708 9539 1101 9264 6808 1428 5004 256 9456 5739 470 7767 8885 9339 1144 1379 3712 6603 5230
25 4058 6745 208 4101 4656 8617 7068 4944 9441 3454 744 5670 6802 3387 3081 2258 9488 8658 6651 602 8888 5563 3265 1602 7824
25 4618 1512 6206 1830 4613 6969 5366 7558 2547 7075 8162 5389 4633 8515 2301 3172 8363 8222 5459 3279 3612 2743 3914 4079 8044
25 7929 2233 4194 7602 8192 2533 9398 2795 1659 420 3125 4769 9507 9749 9525 8131 8061 8060 1839 9855 3472 36 9910 5239 8001
25 5300 9935 2957 4246 1272 8236 7019 3261 1455 3754 8746 384 4144 3299 220 1615 7623 7518 9280 911 8053 7983 5232 7496 9736
25 1315 2166 9267 8536 7380 7092 772 97 6248 3997 7967 4701 7062 9428 999 7720 8936 8570 2759 3745 5121 1868 0 1722 5944
25 9707 7114 3291 412 4806 5249 1714 1597 9774 3161 262 573 4261 3523 7427 8879 2499 8120 7322 2476 5820 3803 5932 5737 7731
25 7429 7612 2511 498 4396 6927 9276 2753 6962 4117 929 1199 2345 4660 1296 4567 1262 7997 8853 1829 8604 6287 5926 1278 5265
25 7861 7108 6630 8079 3829 233 9750 3720 8997 1131 1327 3153 7586 2704 7507 1551 9930 9946 851 1687 1238 1607 2391 6685 9545
25 4059 8557 4184 4807 7884 8529 7642 9357 7037 5901 8150 3174 67 991 8304 1092 2890 3801 2692 4391 307 8707 6207 7719 8337
25 5192 2738 1030 9586 3842 376 8176 4300 7629 7569 3584 3597 5658 684 1525 9902 4974 8392 923 9047 1713 1362 4780 6112 9937
25 7936 1421 6173 7263 4798 444 2790 2234 3225 6687 9467 7338 4116 9918 452 3968 2284 3521 7674 4238 1032 413 4161 4729 2964
25 5299 9649 1588 2605 1963 5453 9158 3952 2680 5959 5026 9541 3962 2430 283 9943 8246 3013 3704 6256 7244 3240 6108 540 759
25 6783 789 7314 6430 8795 529 1152 1109 4699 5684 2910 3135 3748 2268 686 5827 1657 9791 5509 3548 4530 1961 13 1377 3617
25 7401 8458 4164 419 3972 8445 5660 353 4113 987 9000 5210 9333 863 5292 5166 2451 4529 4603 7511 4934 6950 4310 7702 3984
25 4855 8484 5480 932 4118 4492 3703 1720 3762 5524 5493 8901 3547 774 9292 6325 1567 7699 1358 6787 625 960 7959 8320 5318
25 7463 7156 5890 4225 9512 1496 1263 6013 6121 1896 1679 6036 2375 6799 6970 970 9629 1068 27 8757 5153 8880 6895 6348 3892
25 3167 1609 7347 6904 5862 1163 5513 5127 2290 6582 4068 1924 2309 5472 6602 1065 4578 8200 2150 9050 9530 6892 1279 1586 1439
25 273 817 7927 7243 8940 161 6213 8909 9377 3848 6400 9322 4329 2504 1041 4316 2413 217 4736 2158 3306 4294 2888 4308 590
25 769 1605 6756 6338 6764 7438 9604 826 7837 8798 6868 1236 9163 9863 5032 8512 9933 2427 4737 1936 31 8452 2594 2210 4133
25 3444 1323 368 5382 28 6224 687 2863 5274 1927 5084 8755 5595 5010 7878 7311 980 9227 7932 4917 7367 7478 2689 6998 1088
25 3696 9109 1634 267 2831 5267 2766 5353 5101 4921 6235 3145 9471 7170 5960 5048 7426 7946 603 3558 926 7568 1158 3677 398
25 9305 3197 200 9696 507 5069 5088 9809 458 8664 9881 5380 4625 5810 6679 1351 5930 5319 7306 9356 3100 2812 8070 3229 2055
25 9563 8290 8786 3816 9871 241 6280 9195 3465 2374 215 5373 1905 6083 3913 3266 9957 227 6075 9455 5946 5246 9668 3923 4350
25 2247 9402 3989 3200 2245 4318 4607 4331 7576 4353 4634 3854 9155 1328 4138 3559 4416 8716 1373 9802 653 7491 7307 6627 2243
25 4377 6150 3779 306 6349 3902 1708 9878 5788 2090 1507 6769 5692 9418 6167 293 6977 1989 8922 9437 8356 4447 5131 1425 7714
25 6412 8024 4910 3632 5303 3057 2613 1846 3981 9844 2191 134 6556 4235 1533 7292 3822 8781 6640 1049 8358 1128 8948 2847 1701
25 713 1438 530 3105 4602 8609 5952 7729 8820 3722 8911 9462 1743 2996 6332 2733 4452 471 6145 4462 1070 4774 2946 5591 7733
25 2135 7287 277 1240 4028 4544 1886 1738 3622 6156 1791 1774 7148 3470 5061 4919 5849 9086 2282 9588 3831 1798 4083 3571 4281
25 2949 3257 608 3411 2639 6638 8118 8101 8062 8296 7488 2601 8334 581 7461 8381 2911 3706 3183 2889 8393 4908 2827 2833 8123
25 700 8711 867 5045 8494 8800 8097 6581 7510 7817 2789 6528 3455 5671 2097 2655 8201 1120 4203 504 8943 7290 7795 4156 5666
25 8703 7993 9320 1206 7924 8428 1603 7809 101 5936 6057 3688 4778 9178 1375 3072 8822 2685 6675 8422 6878 8418 6195 4126 9827
25 117 6135 5369 1986 5511 8937 3775 5400 9228 8023 8502 5527 592 8599 3187 2155 4589 265 2593 2007 3185 1510 4392 9169 2410
25 3442 7198 4833 9382 2235 4645 9647 2045 3896 3694 8605 3028 1093 2540 1898 3097 9212 2254 7345 604 4081 2902 2564 3742 1359
25 5137 1977 6956 2635 3414 9408 6476 7103 5700 387 536 133 3494 9224 7782 8048 7377 3312 165 8369 4759 4273 3903 9770 8453
25 7913 7097 2881 1453 9429 74 4006 2088 9243 6586 1925 6955 298 1225 2848 170 3010 9416 2378 7060 3301 5676 7676 9793 5547
25 6695 5991 7678 135 4411 992 3949 9265 2453 9896 7508 1368 2931 2614 1047 2777 2528 3448 2662 621 9535 5624 746 3520 2203
25 1543 5387 457 2112 6703 7759 8190 2173 1067 6441 1374 8106 4129 2208 5275 4420 3152 1469 4039 9883 1162 9197 7432 8648 2322
25 6831 9406 1002 3685 9837 4470 8687 6043 894 1107 2918 4943 3399 8777 4303 4998 5202 7138 7219 2628 7215 4042 2815 7350 59
25 6901 3579 3910 9297 9464 1884 853 9900 5702 9632 8603 4667 6708 8974 9142 276 3630 2552 4370 6303 9310 9271 9260 4823 6721
25 6403 1111 2997 8421 4398 4888 7643 5619 8446 6674 2037 887 9348 9704 7072 8668 752 4818 3599 7258 4671 1987 4610 9198 1082
25 3156 1113 2626 3717 9511 2059 7856 4477 6850 6391 5039 7266 4608 9366 9821 9233 2489 4708 1103 9253 427 9567 3836 4904 994
25 2384 6793 2109 3352 9553 8992 2186 5677 6315 7371 7199 7022 2194 7530 3014 1185 5363 3012 1173 8531 426 8765 1665 948 8718
25 8518 3651 1142 8285 4141 7847 9242 1862 459 5001 9584 2125 9767 1314 361 9674 2068 7327 7855 2493 6499 5812 7079 8265 8517
25 5769 8302 7355 6066 3213 7474 6178 9989 4505 5594 4442 9877 860 4226 5015 5355 9390 3978 9323 9875 5718 4292 8836 4976 6210
25 9393 3358 4773 3506 3237 3099 5288 404 2980 7051 7918 60 3140 6917 5471 7035 1770 7786 798 2222 5765 3348 6933 3113 1254
25 7040 4583 5089 439 8791 4615 6618 7778 4937 5864 4096 6488 7132 5216 2990 2085 253 4438 7892 4108 1506 6445 8130 9371 1805
25 3855 8736 6804 7000 1460 986 595 1160 9388 3507 9444 1761 1217 9879 6608 7095 6276 3736 2454 9057 3162 9427 6096 2300 7601
25 1515 9864 5756 5678 6380 6270 9458 6587 2035 5708 8550 239 4906 3980 8360 2256 4681 3777 6091 4598 6835 6761 6291 9 1923
25 3371 7891 9011 6425 7698 6048 6896 2011 2108 4653 7366 8793 5763 8844 5217 7521 919 3223 3943 312 6973 1295 4570 9860 8582
25 1992 1406 9316 8803 7434 4372 2434 1583 967 3790 2804 6963 5411 3340 3392 1682 8402 3286 4001 6370 9173 8619 2094 9120 3850
25 9325 7948 712 6464 5095 7402 3819 9759 4474 914 1704 9838 1800 7651 4093 6442 6855 5525 3342 6691 750 411 2734 6782 9176
25 9675 5808 9627 4920 6392 2927 5409 81 5564 6056 3007 2228 1395 1626 8332 8817 1382 6755 6511 2081 3852 3219 204 8371 1001
25 6198 3596 1363 3875 8085 5135 6346 7555 9639 3466 6064 9607 1555 6312 9658 5502 9828 2682 6324 5802 5643 9999 3727 1473 6060
25 7928 5213 4196 69 1601 9832 7636 9234 6098 5451 3673 8134 3463 4033 1471 8049 385 8252 5132 179 7029 8056 4753 2423 472
25 8670 9579 4898 4504 4067 8501 6489 2987 4165 8276 5531 6507 7823 1921 7007 6874 5098 9055 5980 5893 3118 9502 9154 669 6113
25 6807 7889 8574 3050 506 2741 4593 5405 6243 7872 9800 7594 5523 4264 4547 8325 9363 5607 339 2510 7850 7705 763 9669 406
25 4435 4387 9602 7867 9345 572 4713 2075 516 6345 2645 4669 5929 2861 1275 333 9318 6758 3598 4738 6624 3835 3106 4905 3408
25 2009 7020 2642 7557 3583 5751 8555 2602 3429 5608 4426 8935 3406 214 5484 7012 4234 1765 2646 7027 4670 7544 7669 8279 9990
25 8640 9347 7406 3544 266 7253 9842 252 2095 5770 5878 8366 4486 6939 5587 1078 7773 1789 9621 2471 416 5924 8386 3046 4160
25 3869 3311 8328 6922 2916 7840 6570 5994 7532 9238 8843 7006 4440 8750 1140 6993 5588 8098 7283 5865 2363 6826 9746 2100 5682
25 9449 2132 210 6475 6062 993 2525 9882 2875 7654 670 1840 9884 4487 1956 5342 4641 5294 8163 4186 1972 8957 5251 2679 1261
25 4307 7398 1121 3739 9100 8694 8827 286 9496 21 1922 301 3048 3180 1350 7251 2659 5592 1265 2124 2811 9343 308 8538 8113
25 3253 3826 4661 4830 2787 559 7344 7387 7415 4224 6406 2740 8544 4809 386 2719 3446 1965 6510 4822 9726 8240 2879 7026 7533
25 375 8262 4624 1233 8772 475 5853 4792 3648 9729 5481 3846 9358 1501 9630 2311 3336 6525 344 9201 9995 7159 1367 8580 3586
25 8329 739 3334 8868 4938 66 2930 8970 2292 8987 9379 8540 936 8616 6629 9862 760 2971 5286 6232 1858 7158 3460 4157 8941
25 474 1803 2184 9018 1443 52 7221 6234 1429 7755 3070 7570 2437 441 6628 3195 5573 6286 3827 2572 988 4574 1940 6576 8947
25 5868 4781 9282 4482 1430 2984 494 7931 6865 3592 4770 9542 5506 1011 3511 45 3344 1895 5912 5328 5657 3080 3627 56 3929
25 1105 8088 7376 4011 476 1845 8167 6971 9424 1785 76 2104 1946 5379 26 6773 1538 7974 5590 6661 4576 345 8834 2502 5857
25 1040 1372 7546 4826 1685 225 7096 6374 462 6727 3509 4087 3661 8177 9824 663 7405 1750 6337 4816 4304 4422 2643 1570 7527
25 222 1773 245 4285 3616 6647 5426 2388 5021 4209 9300 3443 8127 836 5734 7520 9683 1877 54 9257 9764 1312 906 5376 1226
25 1005 3640 206 6029 3319 6648 704 6279 847 2612 3075 7525 8212 6982 5785 4423 803 1298 2871 8977 1216 8893 9307 1141 9374
25 9550 3475 2171 3905 7301 3345 8551 2179 2040 9378 9643 255 7635 2183 6667 3953 4417 5655 4684 9895 8537 766 5521 316 4013
25 837 8425 8832 1994 8989 823 46 4356 6094 3986 4840 6833 5529 6262 7046 8584 3662 2575 4650 6936 6217 2823 8082 5988 295
25 3555 2942 481 1326 8796 7209 8151 9962 9222 2164 1466 8450 1420 112 4136 4323 1827 2351 114 8771 8474 2188 7600 3134 7766
25 1135 3767 2693 1435 4961 6490 2149 5832 2851 9099 5434 7481 3480 6492 5117 8656 4804 180 735 5109 4527 236 5617 3288 737
25 3578 7113 4853 2541 8753 5410 5787 5002 7776 5051 7123 7611 4177 9351 8903 1266 8165 250 3788 7212 721 3302 3872 6051 8087
25 5693 8158 5996 9349 174 8235 534 6992 3484 4925 4700 6157 3121 688 8067 3709 7137 3483 745 5759 2306 6236 9861 8433 675
25 5424 5491 9965 5955 2570 5799 3124 7988 8667 319 9001 2218 4248 4682 7326 8673 7581 5968 1423 1405 9672 8208 822 3390 2271
25 84 3990 9813 9252 3330 5019 7886 1780 167 8423 6954 9898 6250 1837 9831 1740 790 5035 8443 9344 5703 4814 1114 4286 5029
25 9140 4693 2681 4064 1491 1245 7135 6188 3133 8288 6751 7624 3672 3416 6171 9112 1535 4082 558 2620 7775 5776 6421 3652 1009
25 4894 7325 1670 2269 6520 7985 234 4305 1662 7498 6562 6641 6519 695 916 3796 9886 7958 2728 3764 8744 5974 648 4731 8185
25 920 3575 6410 4228 4029 3818 952 9028 7516 7045 5386 7262 3137 1668 9835 9748 7240 8709 2761 7589 5489 3942 4324 6365 9915
25 6706 4208 3368 601 5627 3493 9475 1081 8869 9526 5534 6211 1967 5464 1870 7018 1493 8583 668 9108 8472 882 3260 5760 2845
25 9799 7180 209 3199 3220 2751 7250 7339 500 5097 9221 8818 6468 4797 148 8389 4554 5652 562 3626 6828 1344 8142 1581 4553
25 203 8345 1541 3908 9826 8014 4619 7526 9157 571 9885 7708 5568 6411 6964 1751 4484 2853 6637 2514 2195 51 1482 2113 1003
25 7956 3148 9469 9485 2982 2660 6521 4277 3646 9741 4496 2829 1688 3154 8745 6846 1932 870 6054 2616 7658 1759 7885 4723 9131
25 2559 6123 6200 7196 2128 4347 7316 235 4892 1855 3425 2082 6201 5880 6692 1058 2567 5963 2336 9342 2058 7257 9787 6147 8862
25 5717 7320 1524 2216 7710 6814 5043 6946 6333 938 490 4055 8621 6858 7735 5349 2294 1025 3881 5331 9332 971 1213 1983 6458
25 2695 6329 2401 2518 6454 671 4605 4724 9288 4498 280 3127 2599 8343 7944 6776 8495 8045 2466 9285 87 7694 3702 5604 3043
25 961 2641 9255 3108 3116 8379 6719 3434 4491 2048 9167 4472 232 1310 8881 4335 3004 5648 4609 6095 4288 5972 5345 1287 5273
25 372 2536 5983 1744 4321 8854 9645 4355 397 7564 2548 2141 6857 9139 9816 1145 5728 2285 3361 5 9352 5834 4896 6158 7375
25 48 1860 4794 1843 9450 102 3970 5803 9641 1790 1431 1061 8891 1542 5024 8336 6569 1966 9443 8846 5231 7390 2046 6943 3724
25 7952 1630 3362 5417 7750 808 5168 9880 6829 3917 2197 4674 4960 9365 2638 2886 1095 1419 4509 7565 8282 9294 7093 4197 2441
25 3654 7194 7672 4301 7641 6705 6639 7309 6902 7691 8099 6722 2737 1308 6281 3856 2903 5106 5483 4015 5403 1028 8657 1148 5646
25 768 7329 442 4088 2333 4854 7816 1476 4623 6041 5073 7650 4135 9867 954 6180 8839 9580 9005 4287 2249 1663 2138 2073 8178
25 24 9463 1995 8816 3936 7854 8946 4363 7917 5977 5439 6693 3931 7363 1988 5733 5093 6249 3452 5680 9066 8655 1617 7057 8870
25 4090 109 3092 8521 9164 6182 7342 7762 6746 8159 9810 2400 6810 242 6604 4982 9653 6351 1894 3109 3456 4412 5011 9711 8122
25 9084 7129 8573 1997 9620 5674 4027 1452 8631 6999 272 7389 1771 7791 238 1629 6859 2485 2334 1950 7514 3037 7268 770 343
25 2869 1013 6208 9702 1910 9202 5866 5087 230 6106 8918 912 2546 6897 8258 1485 1361 3497 1440 5609 9206 2165 4162 3780 7115
25 8962 4428 6951 95 7442 2781 921 4441 1912 7122 644 3019 3681 755 9220 1636 7374 4545 8286 5152 5755 1242 8341 5150 6748
25 2356 5743 2455 989 9314 92 3784 674 2867 7822 5372 395 2526 4646 6609 4464 5877 9914 2708 3431 4436 9590 258 9494 3478
25 4637 5948 7638 7572 4137 415 4344 8851 8266 4086 9141 6375 4718 7298 6583 8726 7723 9311 4962 2238 9500 3882 4463 1015 7783
25 4150 2079 3396 6220 1863 422 8806 6544 6285 4907 1176 7949 93 9114 8437 9547 4521 1941 7272 4889 7033 38 9340 2321 5631
25 6115 5237 8462 933 3615 5036 1181 9952 147 7078 8111 7519 4837 8919 5846 973 1091 858 1633 5618 5612 7902 2604 7748 5125
25 3988 9473 6307 2440 2686 5433 9564 7457 3843 1008 3765 3757 194 2340 2793 8525 1171 4748 3440 3678 6166 7261 8507 5413 4725
25 5885 726 7379 8973 560 4862 7984 6379 979 8460 2715 1850 5364 8314 6225 4915 8408 192 2801 5365 5461 3641 5855 1115 2983
25 311 3138 8637 8876 3636 348 9836 8505 8293 3308 5176 2854 689 4044 3551 1578 5456 5333 3769 6768 7317 3683 1133 5485 9334
25 4379 6849 1869 4107 9492 8504 2745 9156 1338 2568 3561 8826 2636 924 8591 4852 7330 5490 1155 1270 2092 8456 8867 2786 2134
25 7399 2538 5295 854 9180 4643 2817 1768 3624 7267 1123 8431 2299 9718 4389 8469 5947 5905 1975 6508 2136 4230 4408 6088 9673
25 541 8020 2147 9104 849 657 5553 4361 4678 7964 7888 5159 1976 1823 4799 3035 5675 1164 1828 4655 4991 5450 7617 1544 1705
25 7561 9920 6296 802 4957 3732 7041 7456 4969 1048 1875 2 2151 6622 7130 6801 7031 5378 9840 4952 1043 6317 4841 2456 4091
25 4143 699 3354 6567 5593 2343 4072 5133 1980 7178 1050 9998 2768 2004 9017 7688 9713 605 1849 5825 2691 321 3250 3987 1547
25 568 6658 3947 2537 1102 7535 1168 8981 8510 1799 4642 7341 83 2765 2756 8532 6431 3006 647 7919 4179 6435 8849 8 7467
25 4494 9052 3317 5732 8995 8403 6805 6832 2156 163 6680 4330 9113 771 3142 6014 4187 7015 2177 5114 2481 7324 4516 8311 8847
25 8950 9985 7373 780 2181 1762 9684 1098 1433 3752 405 1882 7536 8318 7549 2569 9413 6372 8985 3728 218 9008 8145 3238 3723
25 6228 5358 6192 3602 5351 4007 1613 178 7805 7207 7726 6253 2154 1307 1154 1229 7969 5696 5346 631 5266 1044 2993 9024 6170
25 622 4260 697 448 7579 6967 3439 7466 5105 7407 8928 2319 7972 9600 4922 4311 8654 6390 8720 2858 6427 8899 4791 8156 2724
25 1833 7230 9012 7870 8682 3082 2665 374 7048 1330 6848 3216 5083 8025 6733 2632 6763 7608 4026 5119 2066 1517 810 1052 710
25 6541 9852 4109 6128 2442 8112 4063 5914 6548 3300 556 8335 6827 1596 9725 3568 6354 3960 5555 5544 9338 5460 9259 5293 1378
25 6961 6199 8902 951 7190 5228 1441 2675 934 3691 1159 4981 7004 639 5259 6414 7551 5882 3332 7378 6010 2574 4995 3718 1418
25 29 8209 5214 2425 6141 6078 7595 3165 7014 7754 4821 37 1402 9205 103 4597 2522 139 6860 7254 237 2223 2013 5545 4987
25 1664 1024 2118 935 7193 660 8523 6359 9478 1561 4651 9758 5023 3241 5421 9870 6754 5906 2590 3151 4169 4431 9223 7166 6288
25 55 4706 9806 4404 7382 9209 2385 5116 8956 3874 5256 8326 8705 4259 4710 6552 4739 9423 9961 7030 8405 1437 2877 2940 8527
25 9523 4885 1564 5816 2470 127 6597 379 1004 8007 2882 7798 4902 9498 9730 6027 4478 4201 8399 7644 3189 2588 9703 3687 7111
25 9216 8055 3068 5626 6356 6537 2706 6657 3499 130 8871 4266 5154 6184 7718 42 8954 3707 9695 336 418 2262 111 2224 3994
25 9283 3608 9072 399 2884 1417 3660 2841 4800 7632 4062 4085 7909 575 3893 4950 634 2913 7622 2668 6284 8355 3002 8613 5720
25 4842 4546 5771 6012 4658 6024 1169 2924 4828 6925 2901 8988 9994 4688 8833 4469 4512 9372 2420 291 2750 8983 5322 4927 7460
25 2576 2714 8224 9705 5012 3366 1553 9928 8058 7843 5301 8534 7394 3201 6042 4369 9218 9958 8966 9892 5126 2472 5242 9383 9906
25 4948 2512 4630 8823 5779 8615 2404 9505 1259 1197 8072 4916 6290 7220 6816 1964 1463 972 7449 1243 6259 2503 5685 9095 6127
25 4346 3758 9845 5347 6729 7386 2355 7513 2174 9226 1584 3761 1317 9397 3489 1094 8732 205 1036 2001 7963 6275 314 8404 5398
25 1888 4414 3510 956 3036 645 9466 9101 3258 1930 576 1624 1000 2633 6862 8270 7417 9350 2688 569 620 7523 783 6118 8331
25 734 9452 5636 5686 7686 6244 5437 8500 7422 6190 5394 4221 4340 3404 1387 1918 3738 6811 334 7550 5223 3175 2985 845 20
25 3149 9128 2198 9575 32 6216 5837 9151 6907 6864 7987 3610 5262 366 4890 7321 6803 6376 1451 9839 5297 2372 8205 8091 465
25 7119 7210 2074 4666 6526 9127 3098 9284 4249 9644 3323 7734 594 9293 1648 198 1915 8905 8411 4859 4488 6959 6840 9004 4145
25 4214 8459 9559 7874 3026 6512 9364 1412 1299 7894 6775 8105 5444 6384 2671 7509 7358 8770 6136 1038 9693 2962 1935 5055 3588
25 7862 5282 7248 7085 4587 8303 446 12 9753 1575 7603 4192 5278 1283 6863 1132 7365 8362 2615 8305 4557 1018 7214 18 4750
25 157 7471 1959 8991 8128 169 5169 1458 4857 2346 8397 7304 4817 8046 6436 261 3391 154 9853 3382 5066 9036 4519 2337 2509
25 2986 6884 1010 6069 5234 9138 1725 711 9612 408 6378 5583 1337 6542 6697 528 2699 2872 1554 3056 2080 49 7413 8722 3120
25 297 6110 2657 5712 3453 1215 6132 6593 9089 6134 6883 6165 7403 8115 7419 8776 3320 8778 1574 9041 5669 8080 6911 9097 638
25 1978 2357 7648 8133 9179 7732 7282 5014 4638 897 5635 7259 5715 1027 3214 5806 4972 3224 9969 5261 7050 8635 6032 8735 9172
25 3103 5875 5748 2305 3420 9410 5557 7176 1271 1692 1598 6713 6712 3123 8166 1253 2876 850 5038 9615 5236 5348 4741 1699 8019
25 5341 7704 4421 3375 2577 5584 300 1475 9031 3811 65 1255 7288 3011 7353 223 985 5898 9760 7181 6599 6209 131 9014 8740
25 2912 6740 5425 5957 6739 3232 9177 8560 715 8864 6683 2383 2452 7645 3212 7939 8281 5639 577 4182 915 5264 844 455 5953
25 3281 7512 5540 57 2731 1281 4930 1211 8610 1716 6838 893 918 4941 4979 7260 7556 487 6299 2232 6887 4401 2474 432 1247
25 5716 2123 3188 4703 1797 7284 589 5979 8809 5221 9687 9362 1897 4843 2213 9978 5722 6560 8233 2778 6766 7452 7412 6635 2586
25 957 5113 1208 1416 2966 1444 5220 9208 968 201 6077 5326 4460 264 784 143 2961 5175 5985 2018 1108 8949 4231 9646 3562
25 6724 3208 3129 8554 4297 5422 7811 1644 7197 2467 7749 6839 9023 1914 1818 6539 2263 4262 1063 8315 7144 2266 3003 4424 9304
25 445 6493 1177 977 1835 871 7010 1752 6905 6515 1129 651 8641 9971 5046 9354 6494 7848 1717 2331 5085 14 7369 6665 3755
25 3693 1874 2209 3370 6357 8688 6163 6932 4457 9480 4043 2936 503 5742 6795 1306 3950 4801 6812 5327 3937 6183 8923 2821 1139
25 2020 1651 7372 5663 1684 6026 8116 1062 1779 3157 7614 724 8140 958 7340 8569 6590 4102 3538 9367 9107 804 1903 3378 5174
25 8395 627 2495 4202 5539 8298 2954 6197 10 2710 5625 6444 4471 4964 9460 5309 5000 4036 8896 5736 5528 2775 2064 2610 4241
25 2008 4959 1970 2261 2250 2033 2126 1937 6416 4114 2281 9022 543 6459 9239 974 1671 3897 7923 3806 6516 68 7938 9499 4865
25 8406 9996 7975 6413 3542 7110 9165 6172 1480 2122 8444 484 2078 4279 7094 7217 184 6620 9009 7868 1099 9373 1802 9977 1019
25 5598 1593 4848 3605 3537 5628 1494 9655 1257 137 9784 6116 173 2398 7797 63 1017 5706 7890 2071 1127 6046 8251 3111 4929
25 3030 7553 730 9353 381 3993 8597 2360 5031 9623 4019 612 9534 6187 2956 940 1119 8330 2162 2416 7841 2014 8352 1084 5253
25 3471 7116 1955 6186 152 6580 7746 105 4147 6800 6140 5268 5470 2644 7653 8680 8016 8734 2091 1390 1442 2326 5735 1939 7036
25 7141 2838 5554 8146 6575 3778 9070 5847 2025 3845 2535 5872 8400 1727 4100 5997 351 1007 1022 4612 925 5276 3644 3965 9532
25 8102 6457 2782 1500 8059 5642 5082 8243 377 1539 8193 5804 8917 8284 7061 4265 1901 6947 9102 71 2168 3464 5895 6968 3402
25 8840 6558 3821 9947 1627 6480 578 5064 4734 4711 4851 3574 5992 8748 3331 7397 6704 2772 8944 564 1928 2435 5949 8429 136
25 585 1984 2566 5212 4291 8188 5576 6081 3909 9074 6114 7205 7502 4198 2834 4468 8215 2050 5151 2855 4367 7803 7818 8211 616
25 268 902 150 7554 4245 3721 3102 4130 1943 8401 8416 7231 1681 9722 8009 155 2003 2676 9662 6894 879 1645 6433 3928 3880
25 4495 9137 720 5711 9872 5124 9346 1836 6568 3876 2873 7753 1064 4022 7105 3078 5068 8077 7656 6227 8497 4596 9585 5661 8414
25 1353 2788 2539 4733 9190 8367 9889 3746 2558 1117 1392 9219 561 257 7966 738 1183 7388 4178 1080 269 8144 2703 898 8535
25 5406 8376 8440 9549 9064 751 2160 930 4834 7573 8691 5306 9043 4168 5512 9868 8387 1672 641 8461 9468 526 1077 6470 7700
25 8342 8586 3786 1399 5813 3359 3771 304 302 8373 5211 2938 2332 6625 278 6176 1026 7362 5605 2111 4480 2529 2458 7906 3619
25 5649 3468 8324 596 1369 4327 7830 6223 7857 1339 1709 1715 8553 9247 4388 4632 7025 8121 6938 287 9529 7127 4861 2329 464
25 7640 8848 9543 9254 7464 3635 5986 6588 781 7842 2978 3977 731 195 5797 2070 5894 3522 7752 3318 4271 7485 259 329 7161
25 1528 3951 7631 3614 2486 5272 6889 1594 6344 9082 2893 1871 736 8516 728 8539 3397 5921 9605 4254 8032 8333 5667 3126 9117
25 583 8435 3403 5182 6438 1079 1537 1942 1016 8721 8470 8906 3508 7930 6531 6935 2361 3998 2450 2656 5874 1549 5280 6919 6342
25 2941 4511 6765 3193 9843 2640 453 512 9431 3182 3813 8153 6144 3132 4448 5940 5118 4735 299 3637 9281 2618 6631 9936 8210
25 8204 2006 128 6021 8768 3802 91 1246 8199 7827 5823 1982 73 4239 5840 3887 2862 9688 1237 1400 7828 1280 8666 4049 1646
25 3025 6747 9078 2056 611 2105 9394 1620 7829 2393 3710 953 3328 3999 7538 943 5616 1147 1204 5225 4680 6535 5248 2152 3386
25 1735 8739 6450 1186 6523 8306 5138 3505 7831 8349 9993 9513 9330 6353 9355 9661 7206 1853 8930 4954 2647 9058 6598 4220 5697
25 5304 5990 5307 5156 6584 5690 2115 1504 2315 1590 8027 4251 3262 1572 9422 5022 8117 2891 2120 7431 9417 6302 8589 7742 5504
25 4829 5815 4119 2368 3086 5190 5438 149 1479 6994 2145 2625 9361 946 3009 5548 2279 4560 1711 5277 8733 5613 6015 9025 3313
25 741 2748 8198 417 6446 2900 5838 4195 9516 9849 6181 3877 3847 2939 2159 6714 5478 3374 3091 7480 3695 2716 8790 8541 5020
25 5381 2026 248 6058 4409 531 4966 2667 8686 8801 2796 5092 4212 4712 8294 4771 3353 5110 5200 270 4793 9891 3343 4649 2755
25 9979 8021 3541 5621 1175 942 7730 6082 5792 4159 8743 8624 4523 6382 532 8975 6792 9439 762 7476 6193 5538 7052 7151 4592
25 8559 2436 8309 6634 7994 2919 4034 691 7604 4302 959 6463 5883 1680 2820 4577 4490 231 4526 6937 6957 3248 341 828 2664
25 6321 5384 2189 8475 6495 2666 281 2650 8242 7473 1990 6545 4188 1467 7281 623 226 8594 5665 9081 6109 8114 2161 8138 2818
25 3743 2899 2718 9798 8132 5897 7996 5876 3218 8216 7834 8636 2063 1383 2960 8841 9395 2447 1621 7747 3177 1893 3898 9369 8556
25 9581 4537 1267 3795 5783 2217 1311 7150 2264 4559 129 5071 6824 9026 495 8010 786 2712 4579 4827 2727 834 6496 6978 7937
25 1269 5393 9385 1252 9538 2585 4326 2505 5070 4924 6821 624 2887 2390 8993 7505 4565 7124 7728 5199 4142 8626 8398 3853 5108
25 6039 4965 4714 1531 4343 4357 4009 5320 7898 4419 3198 995 5889 9067 390 6991 7391 6131 6736 5542 7774 4668 1728 82 9677
25 8520 864 1054 2896 1465 1733 8094 8996 8815 714 3231 126 5851 4647 2500 8483 6688 2965 2219 5431 3287 8482 9714 1318 4374
25 3457 5359 9030 4705 8042 4595 9159 4227 6882 1193 9106 2758 1592 9593 2344 2634 875 6906 9565 3164 3890 7213 5845 7751 2897
25 8728 3196 409 6645 5650 8938 2979 659 9482 3210 5247 5180 4290 742 8813 2354 2752 7942 9618 765 4672 5252 5811 2289 3528
25 4687 6877 364 7153 6174 9399 340 5791 2034 8971 7184 3020 8319 4445 1653 3233 1136 9111 335 7835 7067 479 3274 4531 1343
25 3564 6735 8784 4050 3047 1474 4371 7761 3895 1979 8760 5768 3356 2325 6785 1926 1824 9966 1610 1878 323 8468 443 8372 1569
25 580 8699 332 9657 2799 3194 9232 5835 1891 5155 3534 7781 8725 1031 7179 7800 9188 6532 3820 4306 9491 4444 1952 7069 7472
25 6649 5818 2690 290 2041 2776 7278 8272 2107 2907 2229 3772 678 6772 7588 7285 7543 7976 2239 6497 9125 7300 7269 1579 2530
25 61 1090 6202 7226 5503 3477 1968 1415 5009 6067 8148 1656 2729 3139 7454 3982 7047 8439 878 6623 8230 7954 7717 9765 2276
25 4788 5034 8207 1580 5107 7682 8761 7275 6297 1464 890 3101 9709 9269 5575 6001 7360 5215 2672 8859 8756 7859 1014 2794 9766
25 5161 842 9869 9251 6397 6432 4218 4148 229 8825 9690 8168 8920 5435 8463 6300 9404 1718 7571 7443 4146 5673 7577 3264 7825
25 6456 2791 5025 9757 2754 4070 7139 1606 331 1788 4272 6934 5339 7955 2287 1290 1958 3514 4846 2674 3581 6731 7136 9818 8710
25 8179 7575 1 2047 9279 468 4548 7359 652 9059 2943 3087 7826 3787 8508 1020 7802 4289 4155 9453 62 8479 8183 9650 3032
25 6952 6752 4815 2497 6076 1721 4384 193 6885 7920 7296 3339 1468 8593 4947 8427 1167 7760 9518 8592 9098 3932 5209 5312 9796
25 7877 8104 3603 9925 7291 7591 393 2283 5580 5767 1514 221 7202 7758 1191 4158 8390 8676 4514 2380 1284 8999 6941 4140 247
25 7799 4437 4867 9680 2352 6809 5170 1110 4775 550 202 7935 7009 2116 8361 2700 4754 3376 4847 1811 1571 2726 8724 6434 3737
25 489 5572 482 9769 2000 9617 9381 5550 3621 6437 4832 7620 4942 4430 5420 8250 4740 5522 8679 3705 9648 4726 6594 6294 1006
25 9207 7104 4717 7149 515 7599 1622 2894 3911 7470 3001 8206 1812 8174 6358 3184 7303 6295 1576 2457 3933 3280 9296 5494 8350
25 8184 9763 7483 7348 1661 4284 7295 5130 1801 7696 7192 196 8764 2859 3487 9331 6923 305 1321 6841 9603 5337 2764 86 7986
25 8420 1192 5475 1292 547 3234 6610 3904 5910 5219 5569 6642 9436 7757 9554 183 6264 6030 6666 7128 3131 1354 7869 70 3289
25 8675 2736 7813 9921 3733 9312 9035 3227 636 799 285 9056 3501 5172 7707 5520 539 3061 6169 2487 3303 4534 5407 6481 6221
25 6424 9685 5205 119 2663 4913 5100 5160 509 4784 6987 9368 3606 3907 6339 5956 8473 5498 6551 4999 8759 4563 5204 7649 976
25 5245 9974 5887 7934 2464 1319 7071 9126 132 6592 6673 2637 488 9642 3337 6690 8898 7661 6215 9587 373 9145 6573 6465 181
25 6160 9246 6879 3750 6926 1034 4881 4004 9181 2953 868 5414 7780 5749 3040 8712 5775 8925 9432 1881 6153 8083 5629 8069 224
25 7468 7671 8810 6230 4325 4764 2578 876 1302 3394 7381 7866 1736 9783 1345 5925 9929 8161 7439 1916 1754 9719 197 1341 2597
25 1866 400 2780 7737 3270 4171 7043 5844 523 1589 402 4358 4443 2443 3973 8081 2215 8365 5178 9689 8929 8606 3204 142 9916
25 3692 945 4836 7882 1509 9273 5962 1831 9054 800 3894 11 5969 2376 4319 6702 4399 8003 5427 8388 2146 3964 8696 2608 557
25 8578 2480 9341 1985 4588 4052 3488 1408 4695 325 5714 4654 4378 3 5184 7914 1889 5796 9788 4381 8677 228 1118 7896 3643
25 9121 9021 1548 8961 4581 2705 8340 3926 4926 5731 9942 6045 3369 6701 6273 9387 996 3935 3519 2428 5884 555 4134 2411 5173
25 1993 1734 5535 9804 6034 9576 3418 4497 4397 8237 8562 9983 9029 3625 2358 7265 7500 5863 7851 9261 6929 9426 1658 2814 8874
25 3239 4648 6003 1628 3051 8353 8804 7693 542 6915 8186 4685 9270 2461 5167 9616 9591 827 520 2342 2379 6065 7310 5361 7252
25 9901 7451 4507 9954 5062 4697 3383 7059 722 7289 9667 4394 5794 282 7819 4626 4345 9866 2832 9315 7634 8942 7395 8078 2627
25 7911 9544 41 6710 8034 9537 3530 5782 5725 6726 4014 5139 4912 4970 7583 4762 815 609 6037 8894 6028 5623 5536 5476 5723
25 9411 6924 825 3585 982 9923 3364 546 7903 3173 586 4204 3550 4518 1920 4097 6847 6175 2496 75 7621 7279 5922 8622 4120
25 1563 3325 6818 3906 2314 3155 2053 6672 584 2921 2846 5519 492 3595 6122 3495 3650 3076 7961 8465 6040 6817 9493 4522 7404
25 4882 5744 4665 5566 5662 5724 5374 5298 1198 3799 2607 3039 2341 4569 6891 4076 8241 7517 3401 903 7225 8924 2448 7424 8618
25 5902 7846 9805 7567 378 1902 8695 3785 5903 4594 9319 3079 9778 4692 9988 8359 4694 2242 1632 8900 2792 4676 6373 679 2225
25 7229 8323 3991 950 4205 6762 8990 949 8316 1166 9479 3141 122 7106 4874 1316 7960 6371 891 6553 4864 2865 3310 1826 5571
25 4066 3384 1218 3554 9116 5287 553 2809 7370 9324 8767 1396 2611 9092 3283 963 4831 7408 8625 8256 1600 1303 5368 4451 3021
25 6965 3160 8346 4558 8575 9761 6407 175 8214 5709 2359 7904 9079 1690 5271 2484 9119 6126 8964 7821 9540 8195 383 4506 1300
25 610 8566 4502 5888 7494 4986 1746 4213 3798 7493 1981 2621 2561 4407 6396 9175 8526 8828 2201 7522 3552 5129 3676 6664 3259
25 7318 5112 8040 1503 9477 9375 9742 1459 7659 7077 8646 6820 5705 9489 451 6278 4812 4095 2114 5848 8260 1954 3441 5637 4622
25 2429 2426 4154 3921 2999 8671 4958 8263 8075 6179 1264 4515 6974 6102 4461 748 3823 8852 5165 2101 2723 7055 4315 2172 5606
25 6633 1973 4366 7414 2513 3946 7627 2534 4550 2739 1763 3996 1124 5128 8317 2349 9204 664 4375 466 4269 5753 5508 4803 7441
25 2278 2106 5541 35 4035 2482 1250 8245 2439 3163 2144 7099 243 5157 4110 3485 7447 2027 2096 349 7606 3042 5817 811 3985
25 2774 315 5507 3445 6985 7684 25 7063 3059 6759 8050 1825 4765 4425 5077 7597 6322 4716 3857 3171 2069 5290 8683 6052 8700
25 9020 8449 3017 9613 1381 884 2202 8197 4766 7989 579 2816 3388 9671 8811 4810 5479 9597 7973 6837 8678 246 3298 2516 5859
25 2418 8394 4517 1631 1187 6092 1336 8863 3427 7039 6626 7784 6292 1499 5689 4382 9275 6738 4439 574 6369 4283 4418 8897 5370
25 9291 1635 3426 2338 3502 2473 115 1521 7794 5907 4125 776 7743 72 8873 5419 3481 6660 9093 9032 1520 5560 16 1642 5501
25 9626 7357 8382 7312 9819 7203 9846 9019 1274 6854 4573 8139 9451 2049 7559 5357 6734 80 4051 3956 6732 4604 5833 5798 9380
25 9187 4223 7637 4016 3807 7364 2187 1859 4528 2302 4808 3186 667 2905 7814 729 3349 9568 818 3618 9715 6449 7905 431 8154
25 8509 7082 4080 7444 9708 1096 8780 1484 5549 4820 2908 1938 9465 3589 9152 6798 288 8887 8886 8643 1241 2446 5003 5455 7058
25 4586 7346 5250 7065 5317 1289 7354 6709 8738 7545 3768 1719 7852 4936 2133 7863 3324 1691 9598 7655 9803 3744 9596 7436 3969
25 4644 3539 4476 2563 7628 8259 3513 2543 9912 6677 3496 6203 3948 3377 5243 2016 6504 3136 5203 110 3357 8934 3533 3400 8054
25 2327 2928 7249 3938 2077 6196 2802 3531 9248 9268 7998 3924 4073 279 2039 8931 5183 1707 6072 7765 5056 4860 8503 3543 3380
25 4098 5654 4761 2382 8831 4403 2076 2275 4895 3044 4772 3256 5911 2762 4210 4191 5321 8124 1712 8561 5867 3633 6 6650 4955
25 7227 3246 4994 9301 4691 955 4242 8327 3128 7002 2658 852 5582 7090 6617 6020 7273 5383 9786 337 2083 4132 4728 4040 8921
25 6694 3170 1804 1550 4953 8951 3205 8968 8478 9034 3350 9747 8714 5819 998 3458 4876 4870 1856 7667 5081 4199 756 3335 9329
25 219 5510 3381 7962 5729 6869 7121 3725 4215 5916 123 1760 1089 5233 9745 2868 2880 5599 4047 3945 3658 5871 7953 2312 8543
25 2176 3774 5570 2844 1730 1205 2318 2998 2298 8907 797 8036 1756 6415 4368 4730 8442 814 1996 4975 3479 8908 8910 4883 8301
25 1815 9768 9874 1777 8155 2696 2044 7445 5514 8659 7383 5103 9932 5987 5585 1404 8639 1219 9147 4996 3094 4479 5939 6191 6467
25 3008 3029 1221 9289 313 6893 3315 1660 6757 1911 5473 3967 8291 5308 4993 449 3873 9945 8805 8466 7980 5075 6844 1454 9430
25 5222 9851 8351 4657 753 5375 9570 843 1376 9569 355 6306 8650 5786 537 8669 1945 9801 9825 9578 7126 5683 1669 5923 6185
25 8271 5332 2330 1203 3428 7286 5981 7879 7155 1820 7238 3545 4000 7844 8096 5688 7469 2629 1156 3975 2185 5415 7880 9317 6479
25 9670 5487 8157 497 9712 6399 3839 4776 4677 4046 1810 320 3959 7646 5975 5334 7154 1207 591 9856 1608 3814 5198 9940 4103
25 2944 8978 8835 3915 8187 617 3482 106 7764 3476 6806 7689 4002 5780 9063 9290 4683 2926 1304 207 848 6335 438 2221 7173
25 6361 328 6255 9562 9182 1587 3290 6237 4244 2206 2444 7865 2501 4489 7860 260 4276 7897 347 1385 9777 289 4189 685 4243
25 3321 6274 7921 3272 6830 3797 5072 9454 3275 4348 5449 3110 1842 8775 9939 9967 619 7504 6162 1196 1998 597 5148 5436 4538
25 3647 1325 40 5805 6103 706 4030 4614 791 6368 3715 4501 927 4755 8612 5390 1887 4383 4835 4933 9124 429 5404 7001 6063
25 8564 3104 6536 2212 3809 2721 3000 4971 4963 4077 1333 8137 7393 5790 4795 456 1749 2524 4334 4386 1556 5283 58 5057 4891
25 7716 8231 8969 6960 1222 1146 2661 5603 7143 3469 1188 9908 2935 3316 9848 2087 4258 4571 6791 717 8455 7660 1619 7899 2163
25 113 166 3866 4003 7492 4786 1422 2885 1348 1639 5208 2042 2923 517 5793 2381 3355 6314 6976 8000 8568 5773 6788 2280 3883
25 6913 1689 6327 4869 9681 85 159 7066 138 1787 8788 7264 6990 7185 944 7349 1153 9531 8802 5937 6071 2822 1683 6258 2169
25 6607 5060 9744 6293 39 8413 2065 4105 2370 6619 3285 2955 809 6565 5052 9665 6988 9663 6099 5515 9956 3415 5388 7943 5543
25 3168 6851 9890 2036 3112 3435 3759 649 5465 1934 4628 6447 5730 877 1235 7706 7168 6549 785 2951 6143 5822 3983 5058 1948
25 2313 1852 5017 483 9738 6222 5452 7907 9328 2402 698 9337 9080 1953 5396 983 3888 3412 9982 1742 4131 5928 8380 3719 626
25 1724 4352 8998 9992 3211 9240 4584 5941 5104 77 824 7486 2139 2995 5448 8052 2860 7056 5392 8837 6958 2421 749 6242 4662
25 5402 9191 9631 3191 7034 6009 3729 8344 654 1244 5258 9308 8602 7054 4364 3711 6152 8232 3060 3804 6408 6074 5499 2677 5244
25 6900 8629 7430 6474 2409 8037 8652 382 2760 4768 5559 6326 4106 8729 2687 7598 4360 3296 4465 5762 7163 6981 3781 3860 1150
25 2507 5856 8254 3840 4065 2288 8572 5784 5454 79 1086 5269 757 4393 1832 6996 6117 8812 4868 3217 8011 3015 3422 9241 1212
25 5343 8073 8448 4020 2060 4749 4664 244 2948 8312 3031 7384 518 78 3613 6429 309 8632 9519 2491 7524 2408 5973 795 2117
25 3667 9459 362 2488 8226 807 5622 9975 5632 2043 4282 7142 7147 5226 2994 2414 7605 525 2517 4385 9149 7074 7950 430 4124
25 554 8792 6245 6615 4585 9710 7425 4838 3297 7280 1991 3922 8409 6212 9865 2237 3560 5950 8972 6611 5726 9048 9997 3518 5841
25 7088 5746 5285 98 1667 8642 5238 2969 2565 9192 4539 3573 2580 5350 7497 1775 5795 7670 743 3034 6796 8092 7297 3611 9536
25 8587 271 3830 4973 6966 7171 5951 4328 1710 9370 8799 8627 692 9716 2364 5852 185 1457 3365 7625 885 6341 8384 3838 1558
25 6418 2784 212 9735 7692 1565 3623 8486 9073 8339 2373 8289 4060 4620 6105 8015 6471 5059 8522 5194 9528 2798 89 5758 7049
25 9698 5721 3833 5917 5263 3958 6422 4858 3228 8662 8017 3436 5122 5958 5565 6995 5136 5496 1957 4757 5641 9692 9656 2200 9326
25 8698 9595 1527 2856 895 552 4503 9440 1391 8638 857 2089 338 4698 9148 2950 2582 7815 33 3604 3766 9184 2683 263 1134
25 6780 2963 9944 6749 6538 7162 6589 461 8945 9859 947 6743 3753 7506 2583 2098 2697 6453 9461 158 2707 9873 7722 9614 1929
25 6767 3459 4349 511 1913 5241 1511 3867 5123 2630 2272 6678 7125 2084 2555 2093 570 6328 1347 548 4298 3671 9792 6533 1410
25 6044 3329 6125 8419 761 7245 775 7679 2977 538 2532 414 6047 433 9506 6753 7385 7584 9245 5826 2744 1184 4977 3591 5586
25 4056 3202 4811 9115 3871 4185 6534 7615 4338 8558 4722 9934 6953 1513 4746 9091 7098 4122 7420 8600 1577 9520 1585 7017 2813
25 2531 9691 8588 7172 8368 7479 5279 883 8895 2959 8576 8476 4459 6540 6006 9415 8567 5468 5354 3143 8487 9336 6019 3069 6870
25 3410 9087 2649 7337 7211 4541 7745 9249 9699 1116 3273 9434 5741 8633 1698 8267 2830 5078 9146 7336 5740 1481 5942 447 2508
25 5881 1100 565 4250 8071 2767 3492 8196 6080 5774 913 962 4038 2805 6940 3747 9686 941 2988 9903 9016 6097 3870 4844 9476
25 1879 2520 6265 9654 2600 5344 6491 5356 4206 8103 9694 2479 4777 2205 3808 322 7875 8221 6229 2255 9841 8579 5296 2839 939
25 8086 8426 7465 5602 6398 3190 5579 9133 7971 7712 8063 9376 4232 6469 1357 6061 3577 8498 2932 3363 8752 2925 8090 9214 7223
25 8189 1625 3263 7683 6119 6133 8860 189 4074 5909 694 5102 8565 8172 8068 8234 7421 9094 4458 1334 5207 4611 6546 4568 8377
25 2828 8713 428 8856 3433 9897 8782 4561 5041 1461 8693 6682 693 359 8596 7978 6813 6219 9723 358 6428 9953 1641 587 8022
25 1794 9306 4980 640 2323 5982 5457 4617 2515 7080 6301 8883 6138 4825 4190 3130 6928 3244 5270 1732 4956 5146 9609 7235 9472
25 7849 7319 1313 4782 4704 1487 3393 7812 352 6566 8125 1819 8590 1516 8824 5552 7619 6561 4373 7023 981 3868 5147 4 6111
25 394 3067 1276 9625 2952 9678 177 7169 5033 3314 7542 9287 4893 4988 4549 5577 3553 7433 7294 1616 8005 4743 702 1522 5672
25 6269 8774 3557 7152 4493 6251 7501 1297 716 7566 6730 9490 6204 7313 859 7400 4166 9258 6049 3941 5429 7087 5311 1573 3569
25 6843 6377 6154 5789 1753 1291 7216 9955 6505 1793 1356 4054 662 2824 9850 4923 6271 9215 2553 5574 4627 4434 251 8374 8789
